2 0.17734375 0.35546875 0.06875 0.03671875
3 0.359375 0.39765625 0.09140625 0.04921875
2 0.61875 0.39921875 0.09140625 0.0484375
0 0.6 0.3171875 0.034375 0.01875
2 0.62109375 0.265625 0.0328125 0.0171875
2 0.48359375 0.16484375 0.0671875 0.02890625
4 0.475 0.12265625 0.0671875 0.02890625
5 0.86640625 0.184375 0.05 0.021875
3 0.8375 0.59765625 0.103125 0.06328125
3 0.68125 0.56484375 0.06640625 0.0390625
1 0.5578125 0.55859375 0.0953125 0.06328125
3 0.50859375 0.515625 0.059375 0.03671875
1 0.41015625 0.73203125 0.13203125 0.0984375
1 0.69296875 0.71796875 0.06875 0.05078125
3 0.775 0.690625 0.084375 0.06171875