5 0.23828125 0.475 0.0515625 0.021875
5 0.36484375 0.503125 0.0453125 0.02109375
5 0.42109375 0.51875 0.0421875 0.01875
5 0.53203125 0.5359375 0.03984375 0.01875
5 0.4703125 0.471875 0.06875 0.0296875
5 0.35546875 0.43828125 0.0765625 0.03203125
5 0.27578125 0.4015625 0.07109375 0.02578125
5 0.28203125 0.37109375 0.03203125 0.0109375
5 0.234375 0.39609375 0.034375 0.01171875
5 0.3671875 0.4015625 0.04375 0.0171875
5 0.3890625 0.34453125 0.0578125 0.01953125
5 0.378125 0.321875 0.03203125 0.01171875
5 0.31796875 0.3390625 0.0421875 0.01328125
5 0.4390625 0.3296875 0.03828125 0.01328125
5 0.440625 0.378125 0.059375 0.02109375
5 0.453125 0.440625 0.03671875 0.01484375
5 0.63203125 0.5046875 0.05 0.02578125
5 0.53671875 0.4421875 0.05390625 0.021875
5 0.62265625 0.43046875 0.040625 0.0171875
5 0.69765625 0.434375 0.0359375 0.0140625
5 0.64140625 0.4625 0.0609375 0.025
5 0.77890625 0.44453125 0.06640625 0.02578125
5 0.83671875 0.39453125 0.03046875 0.0109375
5 0.75625 0.359375 0.04765625 0.015625
5 0.71640625 0.32265625 0.04921875 0.015625
5 0.6734375 0.28359375 0.053125 0.015625
5 0.62109375 0.32265625 0.04375 0.0140625
5 0.59296875 0.3046875 0.03046875 0.01015625
5 0.54765625 0.31328125 0.028125 0.0078125
5 0.46328125 0.309375 0.025 0.00859375
5 0.50234375 0.33046875 0.028125 0.01015625
5 0.559375 0.33984375 0.04765625 0.015625
5 0.49765625 0.35390625 0.03984375 0.01328125
5 0.54921875 0.37421875 0.05703125 0.02109375
5 0.6296875 0.38203125 0.053125 0.01875
5 0.70625 0.37734375 0.06484375 0.02265625
5 0.80078125 0.4109375 0.04375 0.01875
5 0.52734375 0.41796875 0.0328125 0.01328125
5 0.646875 0.346875 0.0625 0.021875
5 0.43828125 0.56328125 0.059375 0.0296875