5 0.13671875 0.2765625 0.053125 0.02265625
2 0.2484375 0.29921875 0.0359375 0.0171875
2 0.37734375 0.3125 0.03828125 0.02109375
2 0.41171875 0.30390625 0.02890625 0.0140625
3 0.459375 0.36875 0.059375 0.03046875
1 0.51015625 0.35390625 0.03046875 0.01875
0 0.56015625 0.41875 0.059375 0.034375
3 0.61953125 0.55703125 0.08203125 0.05234375
3 0.50546875 0.61328125 0.06484375 0.04375
1 0.44921875 0.67421875 0.08984375 0.065625
3 0.3515625 0.6796875 0.07265625 0.04921875
1 0.57265625 0.87265625 0.1203125 0.103125
0 0.8359375 0.4546875 0.05703125 0.0265625
5 0.81640625 0.3046875 0.03046875 0.0140625
3 0.78125 0.403125 0.03984375 0.021875
4 0.653125 0.4015625 0.0421875 0.01953125
0 0.69453125 0.421875 0.0578125 0.028125
1 0.63046875 0.34296875 0.02890625 0.015625
2 0.70546875 0.2734375 0.059375 0.025
2 0.665625 0.22578125 0.025 0.01328125
5 0.6015625 0.22734375 0.05 0.0234375
5 0.56015625 0.171875 0.03203125 0.01328125
2 0.584375 0.1515625 0.03203125 0.0109375
3 0.62734375 0.1609375 0.04765625 0.02109375
2 0.68671875 0.1703125 0.0328125 0.01171875
1 0.6859375 0.19375 0.0234375 0.0109375
2 0.796875 0.2328125 0.02265625 0.01171875
2 0.78046875 0.21015625 0.03046875 0.01484375
1 0.8296875 0.21171875 0.034375 0.015625
4 0.8640625 0.23203125 0.0265625 0.01171875
1 0.4140625 0.12890625 0.02265625 0.00859375
2 0.36015625 0.18984375 0.0265625 0.00859375
2 0.396875 0.23984375 0.04609375 0.0234375
1 0.475 0.2828125 0.05703125 0.0296875
2 0.0703125 0.44609375 0.03828125 0.01875
0 0.13046875 0.49375 0.0359375 0.02265625
2 0.28046875 0.5375 0.07265625 0.04296875
3 0.0875 0.69453125 0.09375 0.0625
3 0.67734375 0.6375 0.06484375 0.040625
1 0.675 0.69609375 0.06328125 0.0484375
0 0.9796875 0.56171875 0.040625 0.04453125
5 0.665625 0.26796875 0.025 0.01328125