3 0.0234375 0.025 0.04375 0.02578125
2 0.171875 0.01875 0.06640625 0.03359375
0 0.3296875 0.00625 0.03046875 0.01171875
5 0.68671875 0.07109375 0.0578125 0.0296875
2 0.59296875 0.12265625 0.04609375 0.02578125
2 0.63125 0.23203125 0.07265625 0.04453125
2 0.83828125 0.278125 0.034375 0.02109375
2 0.496875 0.18046875 0.0453125 0.02578125
2 0.5078125 0.22109375 0.0421875 0.025
1 0.484375 0.24765625 0.06484375 0.0390625
3 0.33046875 0.18671875 0.059375 0.0375
1 0.3515625 0.246875 0.03828125 0.02265625
0 0.1703125 0.190625 0.07265625 0.040625
0 0.0953125 0.2859375 0.0578125 0.03671875
4 0.16640625 0.2890625 0.05 0.03203125
1 0.28984375 0.33046875 0.0359375 0.0328125
3 0.06328125 0.3640625 0.053125 0.0328125
2 0.3359375 0.42265625 0.08359375 0.05390625
5 0.42734375 0.44609375 0.04609375 0.03203125
5 0.221875 0.528125 0.0421875 0.02890625
5 0.53984375 0.40234375 0.07578125 0.04765625
2 0.5421875 0.503125 0.040625 0.03046875
5 0.79296875 0.48203125 0.04765625 0.0296875
2 0.83359375 0.52421875 0.0578125 0.0375
3 0.7453125 0.534375 0.08046875 0.0546875
1 0.62890625 0.57890625 0.0421875 0.0296875
2 0.7046875 0.61796875 0.05390625 0.040625
2 0.4921875 0.64609375 0.0609375 0.04453125
2 0.41640625 0.63359375 0.05703125 0.04296875
1 0.43359375 0.69765625 0.0875 0.065625
4 0.3578125 0.7140625 0.06484375 0.046875