1 0.31640625 0.0921875 0.0265625 0.00859375
2 0.21171875 0.1453125 0.02890625 0.01015625
2 0.20546875 0.190625 0.0625 0.02578125
1 0.26953125 0.2390625 0.06484375 0.0296875
2 0.1359375 0.265625 0.04921875 0.02109375
2 0.19375 0.26328125 0.03671875 0.0171875
3 0.19375 0.3328125 0.08359375 0.03671875
1 0.2828125 0.325 0.0453125 0.02109375
1 0.44453125 0.32265625 0.03984375 0.01875
0 0.2734375 0.39609375 0.0953125 0.04296875
4 0.4296875 0.390625 0.0578125 0.02890625
0 0.46953125 0.4171875 0.08046875 0.0375
3 0.59765625 0.403125 0.05390625 0.02578125
0 0.6359375 0.46953125 0.0703125 0.03671875
0 0.80078125 0.6296875 0.11875 0.06875
3 0.24375 0.5796875 0.1296875 0.07265625
3 0.28203125 0.70234375 0.0859375 0.05546875
1 0.228125 0.78984375 0.10859375 0.08046875
3 0.05234375 0.64609375 0.103125 0.06484375
5 0.7078125 0.2953125 0.03828125 0.015625
2 0.5671875 0.24765625 0.0765625 0.03203125
4 0.809375 0.2203125 0.0328125 0.0140625
1 0.7703125 0.1953125 0.04609375 0.0171875
2 0.721875 0.21640625 0.0328125 0.01171875
2 0.709375 0.190625 0.0421875 0.015625
2 0.61484375 0.14453125 0.03828125 0.0109375
1 0.6015625 0.16953125 0.028125 0.01171875
2 0.559375 0.20078125 0.03203125 0.01171875
5 0.465625 0.1921875 0.06484375 0.0234375
5 0.4609375 0.140625 0.0359375 0.01171875
3 0.5375 0.12890625 0.05703125 0.01953125
2 0.49765625 0.1203125 0.0328125 0.0109375