0 0.64453125 0.1640625 0.0171875 0.0078125
1 0.60546875 0.23125 0.034375 0.01796875
4 0.55390625 0.25234375 0.0328125 0.015625
5 0.65390625 0.3046875 0.01953125 0.01015625
0 0.60078125 0.3140625 0.03828125 0.02109375
5 0.76875 0.33203125 0.028125 0.01484375
5 0.65234375 0.37734375 0.025 0.0140625
2 0.6140625 0.37265625 0.025 0.01328125
2 0.69609375 0.40859375 0.04375 0.025
0 0.79296875 0.3703125 0.01875 0.01015625
5 0.8171875 0.37890625 0.02109375 0.0109375
2 0.81875 0.41171875 0.025 0.01171875
2 0.8640625 0.43984375 0.02109375 0.0140625
2 0.80546875 0.45546875 0.03671875 0.02578125
5 0.67265625 0.465625 0.03984375 0.025
1 0.6921875 0.50078125 0.02890625 0.01796875
1 0.68046875 0.5265625 0.03046875 0.02109375
5 0.70390625 0.54609375 0.03046875 0.01875
0 0.6375 0.584375 0.0265625 0.015625
3 0.559375 0.559375 0.028125 0.01796875
2 0.57109375 0.515625 0.0265625 0.0171875
5 0.52890625 0.45078125 0.0265625 0.015625
3 0.55546875 0.38359375 0.03046875 0.0171875
3 0.54765625 0.33984375 0.04375 0.02265625
5 0.50234375 0.31328125 0.03046875 0.015625
3 0.44765625 0.34453125 0.034375 0.01875
2 0.38984375 0.328125 0.03984375 0.0234375
5 0.44765625 0.37578125 0.0265625 0.0140625
1 0.50234375 0.40625 0.025 0.01328125
3 0.475 0.41640625 0.040625 0.0234375
2 0.4484375 0.44765625 0.028125 0.01796875
2 0.41171875 0.42578125 0.0328125 0.02109375
0 0.4 0.38984375 0.0421875 0.0234375
3 0.3109375 0.275 0.040625 0.021875
2 0.16015625 0.27265625 0.03984375 0.021875
2 0.3203125 0.41953125 0.04375 0.0265625
1 0.2265625 0.40390625 0.0453125 0.0234375
3 0.14453125 0.43671875 0.05 0.028125
5 0.2203125 0.50625 0.05390625 0.0328125
1 0.34921875 0.53046875 0.034375 0.02265625
4 0.284375 0.546875 0.040625 0.0234375
3 0.3 0.578125 0.0453125 0.0265625
3 0.28671875 0.6203125 0.040625 0.028125
0 0.36875 0.63515625 0.03203125 0.01953125
0 0.4734375 0.6671875 0.03203125 0.01953125