2 0.50390625 0.19375 0.01953125 0.01015625
2 0.4640625 0.21171875 0.01875 0.0109375
2 0.53984375 0.20859375 0.03671875 0.01796875
5 0.4140625 0.2109375 0.01875 0.00859375
0 0.40078125 0.221875 0.0171875 0.00859375
5 0.34296875 0.22890625 0.0265625 0.01328125
2 0.47421875 0.25625 0.03828125 0.01953125
5 0.5625 0.265625 0.0359375 0.01953125
1 0.603125 0.26171875 0.025 0.0140625
1 0.63984375 0.265625 0.028125 0.01328125
5 0.65703125 0.26015625 0.0234375 0.01171875
0 0.71328125 0.2859375 0.02109375 0.0109375
2 0.62890625 0.32109375 0.025 0.01328125
3 0.6890625 0.32421875 0.0234375 0.01328125
5 0.409375 0.28984375 0.0234375 0.01328125
5 0.28203125 0.28984375 0.01875 0.01015625
0 0.315625 0.3078125 0.03984375 0.02265625
2 0.4078125 0.30625 0.02265625 0.01171875
3 0.36328125 0.334375 0.04375 0.025
3 0.4265625 0.3375 0.02890625 0.0171875
5 0.53671875 0.34609375 0.025 0.0140625
1 0.14453125 0.31171875 0.0421875 0.02265625
4 0.171875 0.34765625 0.0359375 0.01953125
5 0.29453125 0.37265625 0.0328125 0.01796875
3 0.35546875 0.403125 0.03671875 0.021875
5 0.4125 0.40078125 0.02890625 0.0171875
1 0.4609375 0.3671875 0.02265625 0.01328125
3 0.49140625 0.375 0.040625 0.0234375
2 0.540625 0.38828125 0.03203125 0.0171875
2 0.334375 0.434375 0.05 0.02890625
0 0.45625 0.415625 0.0453125 0.02578125
2 0.50546875 0.41328125 0.03671875 0.02109375
0 0.83828125 0.35625 0.0234375 0.01328125
1 0.68046875 0.4328125 0.03828125 0.02109375
3 0.75703125 0.453125 0.03828125 0.0234375
3 0.81953125 0.44921875 0.04375 0.025
0 0.8171875 0.4109375 0.025 0.01484375
4 0.71796875 0.46484375 0.040625 0.025
5 0.6734375 0.50546875 0.05703125 0.034375
3 0.56015625 0.578125 0.05703125 0.0375
1 0.4890625 0.52890625 0.04921875 0.0328125
2 0.51171875 0.46171875 0.04765625 0.028125
3 0.2125 0.5015625 0.053125 0.03203125
2 0.18984375 0.63125 0.0578125 0.03671875