2 0.721875 0.0953125 0.0421875 0.0296875
0 0.6703125 0.18125 0.04375 0.0296875
2 0.15 0.20625 0.0796875 0.05078125
3 0.3515625 0.3046875 0.10546875 0.07734375
2 0.65234375 0.3328125 0.09921875 0.06484375
3 0.4921875 0.46640625 0.06484375 0.0453125
1 0.52734375 0.5359375 0.09765625 0.07109375
3 0.65546875 0.54296875 0.0625 0.04453125
3 0.79375 0.6078125 0.08828125 0.06953125
3 0.70078125 0.684375 0.07578125 0.0546875
1 0.6140625 0.70390625 0.0625 0.04453125
1 0.34609375 0.69375 0.09921875 0.07109375
0 0.975 0.921875 0.05 0.059375