4 0.246875 0.28359375 0.04375 0.02578125
2 0.25234375 0.31796875 0.03671875 0.021875
2 0.334375 0.38203125 0.01875 0.0109375
0 0.32109375 0.41796875 0.01953125 0.0109375
2 0.32578125 0.47734375 0.0453125 0.02890625
3 0.27109375 0.54140625 0.028125 0.01875
1 0.2921875 0.56484375 0.04375 0.028125
3 0.3515625 0.56171875 0.02890625 0.01953125
3 0.415625 0.5765625 0.0421875 0.0296875
3 0.38671875 0.61875 0.034375 0.025
1 0.35 0.6328125 0.028125 0.02109375
1 0.2265625 0.64453125 0.05 0.03203125
0 0.53671875 0.69609375 0.04375 0.03203125
5 0.7421875 0.55078125 0.01953125 0.01484375
2 0.70390625 0.496875 0.03671875 0.02578125
5 0.71484375 0.47890625 0.01953125 0.01328125
2 0.76484375 0.45703125 0.02109375 0.01171875
1 0.8171875 0.446875 0.01875 0.01171875
2 0.846875 0.434375 0.02265625 0.015625
3 0.815625 0.40859375 0.03046875 0.021875
2 0.84140625 0.49140625 0.01953125 0.0140625
2 0.825 0.509375 0.02265625 0.01328125
1 0.8640625 0.5125 0.02890625 0.0171875
4 0.86171875 0.53671875 0.02109375 0.0140625
2 0.81328125 0.38515625 0.02109375 0.0171875
5 0.78046875 0.3875 0.01875 0.01328125
5 0.71484375 0.43671875 0.03046875 0.02109375
2 0.609375 0.37578125 0.0328125 0.02265625
1 0.6 0.421875 0.03203125 0.021875
2 0.565625 0.4125 0.01953125 0.015625
2 0.5375 0.40546875 0.0234375 0.01484375
2 0.50234375 0.3609375 0.025 0.015625
5 0.478125 0.3171875 0.02890625 0.015625
3 0.51640625 0.45859375 0.03046875 0.01875
1 0.5578125 0.46640625 0.0171875 0.0109375
1 0.6171875 0.50078125 0.0171875 0.01328125
4 0.56640625 0.53359375 0.02265625 0.0171875
0 0.559375 0.5546875 0.03046875 0.021875
3 0.61171875 0.5765625 0.0265625 0.01953125
0 0.5796875 0.6125 0.034375 0.028125
2 0.09453125 0.4578125 0.0359375 0.01953125
2 0.659375 0.33046875 0.015625 0.01171875
1 0.7609375 0.3078125 0.02109375 0.0140625
0 0.503125 0.5109375 0.0421875 0.02890625
3 0.1921875 0.48203125 0.04765625 0.02890625