0 0.45625 0.15859375 0.0171875 0.01015625
1 0.4796875 0.2578125 0.034375 0.02265625
4 0.44609375 0.29140625 0.03046875 0.01953125
5 0.5671875 0.3234375 0.02109375 0.01328125
5 0.67890625 0.32890625 0.02890625 0.01796875
0 0.71796875 0.36171875 0.01953125 0.01328125
5 0.740625 0.36328125 0.01953125 0.01328125
2 0.759375 0.39609375 0.0234375 0.01484375
2 0.8078125 0.41328125 0.01953125 0.01328125
2 0.78046875 0.44609375 0.03671875 0.0234375
2 0.67421875 0.4265625 0.03828125 0.02578125
5 0.61171875 0.4015625 0.01953125 0.01484375
0 0.53671875 0.35390625 0.0421875 0.02578125
5 0.446875 0.37265625 0.03203125 0.01953125
3 0.51171875 0.39453125 0.0453125 0.02890625
2 0.58125 0.4078125 0.028125 0.01875
3 0.54140625 0.434375 0.02890625 0.01953125
1 0.5109375 0.46796875 0.02109375 0.0140625
3 0.42421875 0.421875 0.0328125 0.02265625
5 0.446875 0.45234375 0.03203125 0.02109375
2 0.36875 0.4234375 0.04609375 0.0296875
3 0.25234375 0.38515625 0.04375 0.028125
2 0.10546875 0.425 0.0453125 0.02890625
3 0.24375 0.6046875 0.04609375 0.0328125
5 0.365625 0.6484375 0.053125 0.0359375
1 0.47734375 0.6296875 0.03984375 0.0296875
4 0.43984375 0.6640625 0.0453125 0.03359375
3 0.471875 0.68515625 0.0328125 0.025
0 0.5578125 0.7125 0.02265625 0.01796875
0 0.65234375 0.71015625 0.025 0.01875
3 0.4921875 0.725 0.0453125 0.0359375
1 0.28671875 0.546875 0.05 0.0328125
2 0.38125 0.5359375 0.053125 0.034375
0 0.425 0.48515625 0.04609375 0.03203125
3 0.50234375 0.48984375 0.0421875 0.02890625
5 0.5625 0.50625 0.03203125 0.01953125
2 0.453125 0.5140625 0.03671875 0.02578125
2 0.50078125 0.5265625 0.03203125 0.0234375
2 0.63515625 0.55625 0.02890625 0.02109375
5 0.690625 0.48828125 0.040625 0.02890625
1 0.71953125 0.5140625 0.028125 0.01953125
1 0.725 0.53984375 0.02890625 0.01953125
5 0.74765625 0.54921875 0.025 0.01796875
0 0.72265625 0.59921875 0.025 0.01875
3 0.6515625 0.596875 0.02265625 0.0171875