2 0.27890625 0.0484375 0.05703125 0.0359375
5 0.27578125 0.38984375 0.11796875 0.07734375
2 0.434375 0.47421875 0.06875 0.046875
5 0.24140625 0.528125 0.0578125 0.040625
2 0.13828125 0.59453125 0.15234375 0.10234375
5 0.21796875 0.7875 0.0765625 0.05625
1 0.61640625 0.02109375 0.05546875 0.0359375
5 0.57578125 0.2625 0.06484375 0.0453125
2 0.67265625 0.26875 0.0765625 0.05546875
3 0.64140625 0.340625 0.11796875 0.0796875
2 0.72421875 0.43515625 0.08203125 0.0578125
1 0.6171875 0.4625 0.06328125 0.04140625
2 0.6296875 0.62578125 0.07578125 0.05625
2 0.55390625 0.67734375 0.07109375 0.05234375
1 0.671875 0.7078125 0.08828125 0.065625
4 0.63984375 0.78828125 0.0703125 0.0546875
2 0.03671875 0.15625 0.0734375 0.065625