1 0.48515625 0.5453125 0.0625 0.0359375
3 0.49765625 0.6125 0.0515625 0.03046875
3 0.54921875 0.65703125 0.08046875 0.04765625
0 0.65234375 0.63515625 0.0421875 0.0234375
0 0.80390625 0.61328125 0.040625 0.02265625
4 0.4375 0.5890625 0.07578125 0.04375
5 0.3078125 0.5765625 0.08203125 0.04453125
3 0.10625 0.5484375 0.0765625 0.040625
1 0.1703125 0.47890625 0.07578125 0.0359375
2 0.31171875 0.45546875 0.06875 0.03671875
0 0.3671875 0.4015625 0.06484375 0.0296875
2 0.48359375 0.43515625 0.040625 0.021875
5 0.56328125 0.409375 0.0453125 0.01953125
2 0.68515625 0.44765625 0.040625 0.01875
3 0.73125 0.4859375 0.03203125 0.0171875
0 0.8359375 0.47578125 0.0359375 0.01796875
5 0.83828125 0.42421875 0.0328125 0.015625
1 0.803125 0.41484375 0.03828125 0.01875
1 0.77890625 0.3921875 0.03984375 0.01796875
5 0.7265625 0.36953125 0.0578125 0.025
2 0.675 0.32265625 0.05 0.02109375
2 0.8203125 0.32265625 0.053125 0.01875
2 0.834375 0.30625 0.0265625 0.01015625
2 0.765625 0.3 0.02890625 0.0109375
5 0.72734375 0.27890625 0.025 0.0109375
5 0.63984375 0.25859375 0.0328125 0.01328125
0 0.6984375 0.28046875 0.0234375 0.00859375
5 0.50625 0.27109375 0.0234375 0.01015625
0 0.4765625 0.28359375 0.0515625 0.02109375
5 0.58515625 0.32109375 0.025 0.0109375
2 0.5515625 0.328125 0.03671875 0.015625
3 0.5078125 0.35234375 0.03828125 0.0171875
3 0.45703125 0.315625 0.05703125 0.0234375
0 0.34296875 0.1828125 0.01953125 0.00703125
1 0.38671875 0.228125 0.040625 0.0140625
4 0.353125 0.25859375 0.034375 0.01328125
5 0.371875 0.315625 0.03984375 0.01796875
3 0.35078125 0.35546875 0.040625 0.01796875
5 0.3875 0.38125 0.040625 0.01953125
2 0.2734375 0.35546875 0.059375 0.0265625
3 0.115625 0.3390625 0.05546875 0.025
2 0.4125 0.43125 0.05 0.0234375
3 0.47265625 0.4 0.05703125 0.0265625